N,T
1,1986
2,1079
3,1094
4,967
5,963
6,976
7,965
8,984
9,967
10,975
11,984
12,994
13,991
14,983
15,982
16,1067
17,1035
18,986
19,972
20,981
21,999
22,987
23,1001
24,995
25,1000
26,998
27,1033
28,1032
29,983
30,985
31,1000
32,965
33,978
34,986
35,981
36,1130
37,1092
38,1009
39,998
40,983
41,1073
42,989
43,1018
44,3479
45,1193
46,994
47,980
48,991
49,1004
50,983
51,1008
52,980
53,1130
54,970
55,1008
56,1015
57,981
58,984
59,988
60,1042
61,1077
62,976
63,973
64,977
65,993
66,1010
67,1012
68,987
69,979
70,981
71,986
72,1033
73,1078
74,973
75,973
76,993
77,983
78,979
79,993
80,975
81,991
82,978
83,1010
84,1056
85,1012
86,999
87,993
88,1005
89,1000
90,993
91,990
92,1074
93,1115
94,994
95,994
96,997
97,980
98,983
99,990
100,978
101,1036
102,987
103,1063
104,1039
105,991
106,994
107,991
108,1012
109,1041
110,990
111,1006
112,1108
113,996
114,1001
115,971
116,989
117,1103
118,983
119,987
120,990
121,1082
122,994
123,992
124,987
125,987
126,1060
127,1024
128,987
129,977
130,984
131,1050
132,1064
133,992
134,991
135,983
136,1002
137,991
138,984
139,980
140,984
141,990
142,1003
143,1050
144,1024
145,980
146,1000
147,1103
148,983
149,994
150,994
151,1125
152,1090
153,980
154,997
155,1000
156,1006
157,1012
158,1060
159,1012
160,1026
161,1014
162,993
163,980
164,995
165,987
166,1011
167,989
168,990
169,1000
170,1080
171,1116
172,1004
173,999
174,1069
175,992
176,1016
177,982
178,987
179,999
180,984
181,1006
182,1000
183,990
184,1096
185,1084
186,1010
187,1063
188,991
189,983
190,1149
191,1031
192,1052
193,992
194,1000
195,1005
196,994
197,989
198,1002
199,989
200,1010
201,1000
202,1093
203,1002
204,991
205,1066
206,991
207,1009
208,998
209,1036
210,1098
211,1094
212,998
213,998
214,992
215,1008
216,990
217,1000
218,1046
219,999
220,1008
221,1001
222,989
223,997
224,990
225,1008
226,993
227,997
228,991
229,1118
230,1010
231,1001
232,1009
233,1008
234,993
235,1009
236,989
237,1036
238,1008
239,1020
240,1010
241,1008
242,994
243,997
244,994
245,1009
246,991
247,999
248,989
249,1129
250,1001
251,1294
252,1002
253,1000
254,999
255,1012
256,1011
257,1087
258,1007
259,1402
260,1128
261,998
262,1003
263,996
264,1015
265,996
266,1008
267,1021
268,1119
269,1099
270,1003
271,1008
272,1005
273,1001
274,1013
275,1000
276,1061
277,1000
278,1260
279,1059
280,999
281,1014
282,1009
283,1018
284,993
285,1008
286,1000
287,1148
288,1011
289,1025
290,1006
291,1014
292,1007
293,1020
294,1064
295,1031
296,1010
297,1009
298,1115
299,1022
300,1030
301,1024
302,1079
303,1062
304,1016
305,1040
306,1173
307,1001
308,1024
309,1002
310,1012
311,1093
312,1024
313,1020
314,1006
315,1014
316,1012
317,1088
318,1040
319,1013
320,1108
321,1032
322,1043
323,1007
324,1021
325,1149
326,1107
327,1022
328,1009
329,1031
330,1019
331,1010
332,1021
333,1061
334,1011
335,1043
336,1018
337,1026
338,1009
339,1019
340,1012
341,1019
342,1022
343,1006
344,1123
345,1072
346,1022
347,1025
348,1007
349,1022
350,1010
351,1023
352,1011
353,1021
354,1026
355,1018
356,1028
357,1036
358,1108
359,1024
360,1008
361,1024
362,1016
363,1086
364,1076
365,1012
366,1030
367,1014
368,1089
369,1025
370,1031
371,1025
372,1015
373,1040
374,1016
375,1102
376,1023
377,1012
378,1039
379,1033
380,1029
381,1016
382,1082
383,1121
384,1179
385,1031
386,1036
387,1097
388,1031
389,1022
390,1031
391,1078
392,1022
393,1024
394,1015
395,1029
396,1022
397,1036
398,1014
399,1027
400,1046
401,1109
402,1071
403,1025
404,1043
405,1021
406,1024
407,1023
408,1020
409,1044
410,1110
411,1035
412,1031
413,1021
414,1030
415,1028
416,1028
417,1084
418,1028
419,1027
420,1108
421,1086
422,1031
423,1027
424,1038
425,1040
426,1047
427,1063
428,1095
429,1029
430,1031
431,1024
432,1117
433,1046
434,1020
435,1260
436,1037
437,1025
438,1035
439,1172
440,1136
441,1025
442,1038
443,1046
444,1043
445,1037
446,1053
447,1143
448,1026
449,1093
450,1044
451,1023
452,1042
453,1034
454,1041
455,1020
456,1030
457,1046
458,1166
459,1032
460,1050
461,1041
462,1023
463,1031
464,1022
465,1026
466,1034
467,1028
468,1032
469,1034
470,1022
471,1080
472,1027
473,1050
474,1033
475,1037
476,1035
477,1155
478,1035
479,1024
480,1028
481,1187
482,1096
483,1026
484,1045
485,1040
486,1051
487,1030
488,1213
489,1116
490,1044
491,1103
492,1028
493,1035
494,1025
495,1125
496,1158
497,1074
498,1027
499,1054
500,1036
501,1052
502,1025
503,1046
504,1092
505,1052
506,1037
507,1028
508,1038
509,1148
510,1046
511,1033
512,1061
513,1033
514,1193
515,1032
516,1055
517,1033
518,1061
519,1046
520,1044
521,1033
522,1046
523,1055
524,1035
525,1037
526,1112
527,1045
528,1047
529,1047
530,1103
531,1046
532,1031
533,1197
534,1041
535,1046
536,1040
537,1054
538,1041
539,1028
540,1052
541,1036
542,1060
543,1048
544,1118
545,1057
546,1063
547,1054
548,1046
549,1098
550,1045
551,1082
552,1173
553,1202
554,1046
555,1055
556,1053
557,1045
558,1037
559,1050
560,1086
561,1059
562,1035
563,1045
564,1041
565,1048
566,1058
567,1049
568,1048
569,1033
570,1185
571,1131
572,1068
573,1035
574,1051
575,1056
576,1048
577,1048
578,1107
579,1043
580,1057
581,1043
582,1047
583,1056
584,1053
585,1050
586,1040
587,1053
588,1041
589,1191
590,1056
591,1111
592,1060
593,1087
594,1058
595,1048
596,1051
597,1045
598,1064
599,1068
600,1142
601,1098
602,1059
603,1067
604,1048
605,1042
606,1141
607,1193
608,1238
609,1052
610,1048
611,1059
612,1066
613,1070
614,1044
615,1101
616,1046
617,1109
618,1049
619,1048
620,1052
621,1052
622,1063
623,1044
624,1058
625,1058
626,1169
627,1047
628,1063
629,1047
630,1053
631,1062
632,1118
633,1089
634,1046
635,1063
636,1069
637,1050
638,1051
639,1067
640,1051
641,1073
642,1093
643,1058
644,1183
645,1077
646,1055
647,1052
648,1059
649,1049
650,1068
651,1056
652,1050
653,1050
654,1055
655,1136
656,1069
657,1053
658,1052
659,1076
660,1070
661,1059
662,1051
663,1195
664,1168
665,1056
666,1068
667,1062
668,1068
669,1057
670,1062
671,1107
672,1071
673,1070
674,1056
675,1051
676,1059
677,1063
678,1069
679,1058
680,1052
681,1188
682,1072
683,1082
684,1055
685,1066
686,1062
687,1068
688,1052
689,1065
690,1065
691,1066
692,1074
693,1065
694,1165
695,1088
696,1057
697,1066
698,1070
699,1117
700,1142
701,1070
702,1074
703,1061
704,1065
705,1061
706,1088
707,1067
708,1062
709,1065
710,1156
711,1092
712,1057
713,1064
714,1176
715,1087
716,1074
717,1065
718,1212
719,1165
720,1063
721,1076
722,1090
723,1074
724,1077
725,1063
726,1119
727,1061
728,1069
729,1152
730,1083
731,1073
732,1070
733,1082
734,1076
735,1064
736,1204
737,1072
738,1146
739,1157
740,1083
741,1100
742,1082
743,1092
744,1091
745,1088
746,1076
747,1081
748,1071
749,1061
750,1075
751,1070
752,1161
753,1065
754,1299
755,1076
756,1084
757,1151
758,1071
759,1074
760,1075
761,1084
762,1072
763,1100
764,1079
765,1168
766,1105
767,1330
768,1116
769,1073
770,1081
771,1079
772,1214
773,1169
774,1182
775,1079
776,1091
777,1072
778,1079
779,1124
780,1078
781,1082
782,1084
783,1079
784,1073
785,1081
786,1103
787,1094
788,1082
789,1092
790,1197
791,1088
792,1103
793,1082
794,1094
795,1156
796,1074
797,1108
798,1083
799,1082
800,1076
801,1081
802,1081
803,1071
804,1082
805,1080
806,1090
807,1080
808,1212
809,1084
810,1074
811,1089
812,1077
813,1082
814,1166
815,1088
816,1083
817,1080
818,1239
819,1106
820,1095
821,1075
822,1113
823,1091
824,1110
825,1326
826,1286
827,1170
828,1130
829,1122
830,1114
831,1075
832,1103
833,1141
834,1096
835,1089
836,1084
837,1108
838,1086
839,1091
840,1075
841,1084
842,1113
843,1211
844,1085
845,1109
846,1079
847,1089
848,1089
849,1071
850,1083
851,1187
852,1086
853,1085
854,1082
855,1084
856,1122
857,1104
858,1077
859,1314
860,1095
861,1239
862,1084
863,1078
864,1096
865,1094
866,1087
867,1079
868,1087
869,1099
870,1103
871,1079
872,1192
873,1165
874,1089
875,1092
876,1082
877,1092
878,1104
879,1251
880,1180
881,1078
882,1099
883,1089
884,1104
885,1083
886,1098
887,1156
888,1115
889,1090
890,1082
891,1097
892,1100
893,1095
894,1081
895,1094
896,1093
897,1227
898,1099
899,1102
900,1093
901,1095
902,1106
903,1083
904,1088
905,1099
906,1099
907,2002
908,1119
909,1295
910,1105
911,1092
912,1155
913,1303
914,1150
915,1103
916,1088
917,1094
918,1104
919,1102
920,1086
921,1097
922,1106
923,1093
924,1160
925,1101
926,1099
927,1105
928,1096
929,1088
930,1096
931,1313
932,1226
933,1167
934,1105
935,1284
936,1141
937,1099
938,1165
939,1210
940,1154
941,1108
942,1107
943,1101
944,1106
945,1112
946,1089
947,1096
948,1141
949,1294
950,1107
951,1122
952,1159
953,1146
954,1102
955,1089
956,1200
957,1112
958,1096
959,1098
960,1087
961,1108
962,1110
963,1105
964,1098
965,1156
966,1275
967,1185
968,1108
969,1112
970,1110
971,1119
972,1103
973,1118
974,1125
975,1122
976,1095
977,1191
978,1096
979,1100
980,1213
981,1092
982,1100
983,1097
984,1269
985,1196
986,1100
987,1110
988,1120
989,1199
990,1101
991,1156
992,1106
993,1176
994,1104
995,1098
996,1115
997,1130
998,1098
999,1100
